1 735 3.95
2 715 3.93
3 728 3.93
4 756 3.89
5 717 3.85
6 751 3.85
7 723 3.84
8 754 3.8
9 701 3.79
10 736 3.77
11 716 3.76
12 744 3.76
13 747 3.76
14 776 3.76
15 732 3.73
16 752 3.71
17 724 3.7
18 759 3.7
19 705 3.68
20 755 3.64
21 708 3.59
22 750 3.59
23 757 3.56
24 749 3.55
25 763 3.55
26 709 3.52
27 761 3.5
28 713 3.48
29 722 3.48
30 730 3.46
31 742 3.46
32 714 3.45
33 740 3.44
34 745 3.42
35 721 3.4
36 711 3.36
37 758 3.34
38 704 3.33
39 770 3.32
40 707 3.31
41 746 3.29
42 702 3.28
43 772 3.26
44 760 3.25
45 768 3.25
46 733 3.21
47 762 3.13
48 706 3.11
49 738 3.11
50 766 3.08
51 718 3.04
52 720 2.99
53 731 2.97
54 725 2.96
55 737 2.96
56 703 2.94
57 739 2.94
58 734 2.91
59 743 2.88
60 767 2.87
61 771 2.86
62 712 2.72
63 741 2.66
64 748 2.65
65 753 2.61
66 778 2.56
67 710 2.28
68 719 2.2
69 785 2.12
70 787 2.04
71 784 1.97
72 786 1
